-0.98981
-0.98967
-0.98936
-0.98887
-0.98813
-0.98708
-0.98561
-0.98359
-0.98083
-0.9771
-0.97208
-0.96536
-0.95642
-0.94458
-0.92901
-0.90865
-0.88225
-0.84831
-0.80517
-0.75107
-0.68435
-0.60366
-0.50836
-0.39886
-0.27687
-0.14554
-0.0092364
0.12699
0.2581
0.37976
0.48885
0.58369
0.6639
0.73015
0.7838
0.8265
0.86002
0.88602
0.90597
0.92114
0.93257
0.9411
0.94739
0.95196
0.95523
0.95751
0.95904
0.96
0.96053
0.96075
0.96073
0.96054
0.96023
0.95982
0.95934
0.95883
0.95829
0.95773
0.95716
0.95659
0.95603
0.95547
0.95493
0.95439
0.95388
0.95337
0.95288
0.95241
0.95196
0.95152
0.95109
0.95069
0.9503
0.94992
0.94956
0.94922
0.9489
0.94858
0.94829
0.94801
0.94774
0.94749
0.94725
0.94703
0.94682
0.94662
0.94644
0.94627
0.94611
0.94597
0.94584
0.94572
0.94561
0.94552
0.94544
0.94537
0.94532
0.94528
0.94525
0.94523
0.94522
