-0.015641
-0.015532
-0.015316
-0.014991
-0.014557
-0.014015
-0.013365
-0.012605
-0.011737
-0.010761
-0.0096751
-0.0084811
-0.0071788
-0.0057686
-0.0042513
-0.002628
-0.00090015
0.00093013
0.00286
0.0048858
0.0070028
0.009205
0.011485
0.013834
0.016243
0.018699
0.021191
0.023706
0.026233
0.028758
0.031272
0.033763
0.036224
0.038649
0.041031
0.043365
0.04565
0.047883
0.050062
0.052186
0.054254
0.056268
0.058227
0.060131
0.061981
0.063778
0.065522
0.067215
0.068857
0.07045
0.071993
0.073489
0.074938
0.076341
0.077699
0.079013
0.080283
0.081512
0.082699
0.083846
0.084953
0.086022
0.087053
0.088047
0.089004
0.089926
0.090813
0.091667
0.092487
0.093274
0.09403
0.094754
0.095448
0.096112
0.096747
0.097352
0.09793
0.098479
0.099002
0.099498
0.099967
0.10041
0.10083
0.10122
0.10159
0.10194
0.10226
0.10256
0.10283
0.10308
0.10331
0.10352
0.1037
0.10386
0.104
0.10412
0.10422
0.10429
0.10434
0.10438
0.10439
