-0.99631
-0.99635
-0.99642
-0.99653
-0.99667
-0.99684
-0.99705
-0.9973
-0.99758
-0.9979
-0.99825
-0.99863
-0.99905
-0.9995
-0.99999
-1.0005
-1.0011
-1.0016
-1.0022
-1.0029
-1.0035
-1.0042
-1.0049
-1.0057
-1.0064
-1.0071
-1.0078
-1.0086
-1.0092
-1.0098
-1.0103
-1.0107
-1.011
-1.0109
-1.0106
-1.0098
-1.0085
-1.0063
-1.0032
-0.99875
-0.99257
-0.98413
-0.97277
-0.95766
-0.93779
-0.9119
-0.87855
-0.83614
-0.78297
-0.71743
-0.63826
-0.54484
-0.43757
-0.31812
-0.18952
-0.055946
0.077722
0.2066
0.32647
0.43424
0.52821
0.60792
0.67396
0.72756
0.77033
0.80395
0.83005
0.85008
0.86529
0.87671
0.88517
0.89137
0.89581
0.89892
0.90102
0.90236
0.90312
0.90346
0.90348
0.90327
0.90291
0.90243
0.90188
0.90128
0.90066
0.90004
0.89943
0.89884
0.89827
0.89773
0.89724
0.89678
0.89637
0.896
0.89568
0.8954
0.89518
0.895
0.89488
0.8948
0.89478
