-0.0083379
-0.0082683
-0.0081292
-0.0079204
-0.007642
-0.007294
-0.0068763
-0.0063888
-0.0058316
-0.0052044
-0.0045074
-0.0037403
-0.002903
-0.0019956
-0.0010179
3.0288e-05
0.001149
0.0023383
0.0035984
0.0049294
0.0063315
0.0078047
0.0093493
0.010965
0.012653
0.014412
0.016244
0.018147
0.020122
0.02217
0.024291
0.026484
0.028749
0.031088
0.033499
0.035984
0.038541
0.041171
0.043873
0.046648
0.049496
0.052414
0.055403
0.058462
0.061589
0.064782
0.068039
0.071357
0.074731
0.078156
0.081626
0.085133
0.088669
0.092224
0.095785
0.099341
0.10288
0.10639
0.10986
0.11327
0.11663
0.11991
0.12312
0.12625
0.12929
0.13224
0.13511
0.13788
0.14055
0.14314
0.14563
0.14804
0.15034
0.15256
0.15469
0.15673
0.15868
0.16055
0.16232
0.16402
0.16562
0.16715
0.16859
0.16994
0.17122
0.17241
0.17353
0.17456
0.17552
0.1764
0.1772
0.17792
0.17857
0.17913
0.17963
0.18004
0.18038
0.18065
0.18083
0.18095
0.18099
