-0.89578
-0.89581
-0.89587
-0.89595
-0.89607
-0.89621
-0.89638
-0.89657
-0.8968
-0.89705
-0.89734
-0.89765
-0.89799
-0.89836
-0.89875
-0.89918
-0.89964
-0.90012
-0.90063
-0.90117
-0.90174
-0.90234
-0.90297
-0.90362
-0.90431
-0.90502
-0.90575
-0.90651
-0.9073
-0.9081
-0.90893
-0.90977
-0.91062
-0.91147
-0.91232
-0.91316
-0.91397
-0.91473
-0.91541
-0.916
-0.91643
-0.91667
-0.91663
-0.91623
-0.91533
-0.91378
-0.91136
-0.90781
-0.90276
-0.89577
-0.88625
-0.87346
-0.85649
-0.83422
-0.80532
-0.76824
-0.72131
-0.66284
-0.59131
-0.50568
-0.40574
-0.29239
-0.1679
-0.035884
0.099071
0.23195
0.35805
0.47356
0.57597
0.66415
0.73814
0.79888
0.84782
0.88665
0.91706
0.94061
0.95867
0.97241
0.98277
0.99052
0.99625
1.0005
1.0035
1.0056
1.0071
1.0081
1.0087
1.0091
1.0093
1.0093
1.0092
1.0091
1.009
1.0088
1.0086
1.0085
1.0083
1.0082
1.0082
1.0081
1.0081
