-0.17494
-0.1749
-0.17483
-0.17471
-0.17455
-0.17435
-0.17411
-0.17383
-0.17351
-0.17315
-0.17275
-0.1723
-0.17182
-0.17129
-0.17073
-0.17012
-0.16946
-0.16877
-0.16803
-0.16725
-0.16642
-0.16555
-0.16463
-0.16367
-0.16266
-0.16161
-0.1605
-0.15935
-0.15815
-0.1569
-0.1556
-0.15425
-0.15285
-0.15139
-0.14988
-0.14832
-0.1467
-0.14503
-0.1433
-0.14151
-0.13966
-0.13775
-0.13578
-0.13375
-0.13165
-0.1295
-0.12727
-0.12498
-0.12263
-0.1202
-0.11771
-0.11515
-0.11252
-0.10983
-0.10706
-0.10423
-0.10134
-0.098391
-0.095385
-0.092329
-0.089231
-0.0861
-0.082946
-0.07978
-0.076615
-0.073462
-0.070334
-0.067242
-0.064199
-0.061213
-0.058293
-0.055446
-0.052677
-0.049993
-0.047395
-0.044888
-0.042474
-0.040153
-0.037929
-0.035801
-0.03377
-0.031837
-0.030003
-0.028267
-0.02663
-0.025093
-0.023654
-0.022314
-0.021074
-0.019933
-0.018891
-0.017949
-0.017106
-0.016362
-0.015717
-0.015171
-0.014725
-0.014378
-0.01413
-0.013981
-0.013931
