-0.92784
-0.92788
-0.92796
-0.92808
-0.92823
-0.92841
-0.92861
-0.9288
-0.92898
-0.92912
-0.92918
-0.92913
-0.92892
-0.92846
-0.92767
-0.92643
-0.92457
-0.92189
-0.91811
-0.91289
-0.90578
-0.8962
-0.88342
-0.86654
-0.84445
-0.81583
-0.77914
-0.73272
-0.67487
-0.60406
-0.51921
-0.42005
-0.30742
-0.18352
-0.051877
0.082958
0.21598
0.34245
0.45851
0.56155
0.65039
0.72499
0.78627
0.83563
0.87476
0.90536
0.92899
0.94704
0.96068
0.97086
0.97836
0.9838
0.98765
0.99028
0.992
0.99301
0.99349
0.99358
0.99337
0.99294
0.99235
0.99164
0.99084
0.98999
0.9891
0.9882
0.98728
0.98636
0.98544
0.98454
0.98366
0.98279
0.98194
0.98112
0.98032
0.97955
0.9788
0.97808
0.97739
0.97673
0.9761
0.97549
0.97492
0.97438
0.97386
0.97338
0.97293
0.9725
0.97211
0.97175
0.97142
0.97113
0.97086
0.97062
0.97042
0.97025
0.9701
0.96999
0.96992
0.96987
0.96985
