-0.12601
-0.12591
-0.12571
-0.12541
-0.125
-0.12449
-0.12388
-0.12317
-0.12235
-0.12144
-0.12041
-0.11929
-0.11806
-0.11672
-0.11528
-0.11373
-0.11207
-0.11031
-0.10843
-0.10645
-0.10436
-0.10216
-0.099852
-0.097433
-0.094906
-0.092272
-0.089532
-0.086689
-0.083747
-0.08071
-0.077584
-0.074377
-0.071098
-0.067757
-0.064365
-0.060934
-0.057477
-0.054007
-0.050534
-0.047072
-0.043628
-0.040212
-0.03683
-0.03349
-0.030194
-0.026948
-0.023754
-0.020615
-0.017531
-0.014505
-0.011537
-0.0086289
-0.0057798
-0.0029906
-0.00026158
0.0024072
0.0050157
0.0075639
0.010052
0.012479
0.014847
0.017154
0.019401
0.021588
0.023716
0.025784
0.027792
0.02974
0.03163
0.03346
0.03523
0.036942
0.038595
0.040188
0.041723
0.043199
0.044617
0.045976
0.047277
0.048519
0.049703
0.050829
0.051896
0.052906
0.053857
0.054751
0.055586
0.056364
0.057084
0.057746
0.058351
0.058897
0.059386
0.059818
0.060192
0.060508
0.060767
0.060968
0.061112
0.061198
0.061227
