-0.99841
-0.99845
-0.99852
-0.99863
-0.99878
-0.99896
-0.99918
-0.99944
-0.99974
-1.0001
-1.0004
-1.0008
-1.0013
-1.0017
-1.0022
-1.0028
-1.0033
-1.0039
-1.0045
-1.0052
-1.0058
-1.0065
-1.0072
-1.0079
-1.0085
-1.0091
-1.0097
-1.0102
-1.0105
-1.0107
-1.0107
-1.0104
-1.0096
-1.0083
-1.0062
-1.0031
-0.99875
-0.9927
-0.98443
-0.9733
-0.95848
-0.93896
-0.91351
-0.8807
-0.83892
-0.78646
-0.7217
-0.64333
-0.55069
-0.44408
-0.32509
-0.19668
-0.062984
0.071116
0.2007
0.32146
0.43023
0.52521
0.60587
0.67275
0.72708
0.77044
0.80454
0.83101
0.85132
0.86674
0.8783
0.88687
0.89313
0.89762
0.90075
0.90285
0.90418
0.90492
0.90522
0.90521
0.90496
0.90454
0.904
0.90339
0.90273
0.90204
0.90135
0.90066
0.89998
0.89933
0.89871
0.89811
0.89756
0.89704
0.89656
0.89613
0.89574
0.89539
0.89509
0.89484
0.89463
0.89446
0.89435
0.89428
0.89425
