-0.0013937
-0.001321
-0.0011755
-0.00095728
-0.00066625
-0.00030239
0.00013435
0.00064406
0.0012268
0.0018826
0.0026117
0.003414
0.0042898
0.0052392
0.0062622
0.0073591
0.0085299
0.0097749
0.011094
0.012488
0.013957
0.0155
0.017118
0.018812
0.020581
0.022426
0.024347
0.026344
0.028417
0.030566
0.032793
0.035096
0.037476
0.039933
0.042467
0.045078
0.047766
0.05053
0.053371
0.056286
0.059277
0.06234
0.065475
0.068679
0.071948
0.075279
0.078667
0.082106
0.085588
0.089104
0.092645
0.096198
0.099753
0.1033
0.10682
0.1103
0.11374
0.11712
0.12044
0.12369
0.12686
0.12995
0.13295
0.13587
0.13871
0.14145
0.14411
0.14668
0.14917
0.15156
0.15387
0.15609
0.15823
0.16028
0.16225
0.16414
0.16595
0.16767
0.16932
0.17089
0.17238
0.17379
0.17512
0.17638
0.17756
0.17867
0.1797
0.18066
0.18155
0.18237
0.18311
0.18378
0.18438
0.1849
0.18536
0.18575
0.18606
0.18631
0.18648
0.18659
0.18662
