-0.90829
-0.90831
-0.90836
-0.90842
-0.90851
-0.90862
-0.90875
-0.9089
-0.90907
-0.90927
-0.90948
-0.90972
-0.90998
-0.91026
-0.91057
-0.9109
-0.91124
-0.91161
-0.91201
-0.91242
-0.91286
-0.91332
-0.9138
-0.9143
-0.91483
-0.91538
-0.91595
-0.91654
-0.91716
-0.9178
-0.91845
-0.91914
-0.91984
-0.92056
-0.9213
-0.92207
-0.92285
-0.92365
-0.92446
-0.92529
-0.92612
-0.92696
-0.9278
-0.92863
-0.92944
-0.93021
-0.93094
-0.9316
-0.93215
-0.93255
-0.93277
-0.93272
-0.93231
-0.93144
-0.92994
-0.92761
-0.9242
-0.91937
-0.91267
-0.90356
-0.89131
-0.87505
-0.85368
-0.82589
-0.79017
-0.74485
-0.68819
-0.61862
-0.53497
-0.43685
-0.32496
-0.20136
-0.069474
0.066178
0.20056
0.3288
0.44689
0.55209
0.64302
0.7196
0.78264
0.83358
0.87409
0.90589
0.9306
0.94962
0.96415
0.97519
0.98351
0.98976
0.99442
0.99787
1.0004
1.0023
1.0036
1.0046
1.0053
1.0057
1.006
1.0062
1.0062
