-0.15509
-0.15505
-0.15499
-0.1549
-0.15477
-0.15462
-0.15443
-0.15421
-0.15396
-0.15367
-0.15336
-0.15301
-0.15263
-0.15222
-0.15177
-0.1513
-0.15079
-0.15025
-0.14967
-0.14906
-0.14842
-0.14774
-0.14703
-0.14628
-0.1455
-0.14469
-0.14384
-0.14295
-0.14203
-0.14107
-0.14007
-0.13904
-0.13797
-0.13686
-0.13571
-0.13452
-0.13329
-0.13203
-0.13072
-0.12937
-0.12798
-0.12654
-0.12507
-0.12354
-0.12198
-0.12037
-0.11871
-0.11701
-0.11526
-0.11346
-0.11162
-0.10972
-0.10777
-0.10577
-0.10372
-0.10162
-0.099465
-0.097256
-0.094992
-0.092673
-0.0903
-0.087872
-0.085391
-0.082857
-0.080272
-0.077639
-0.074961
-0.072243
-0.06949
-0.066711
-0.063914
-0.061109
-0.058308
-0.055522
-0.052765
-0.05005
-0.047387
-0.044789
-0.042266
-0.039827
-0.037478
-0.035226
-0.033077
-0.031033
-0.029098
-0.027275
-0.025565
-0.023969
-0.02249
-0.021127
-0.019882
-0.018754
-0.017744
-0.016853
-0.01608
-0.015426
-0.014891
-0.014475
-0.014177
-0.013999
-0.013939
